0.6403875922541342
0.639933023196083
0.6394560024209227
0.6389552438677267
0.6384295691015675
0.6378776878898591
0.6372985080454827
0.636690489270058
0.6360524391614403
0.6353826936385669
0.6346798234138964
0.6339421669021826
0.6331680509433626
0.6323556398629355
0.6315031707280963
0.6306087748859855
0.6296703238567046
0.6286857685327821
0.6276530225810637
0.6265697277093543
0.6254334202083619
0.6242417204133114
0.6229922450451488
0.6216820591903185
0.6203084929955575
0.6188687184807709
0.6173598228558183
0.6157787412125653
0.614122468716179
0.6123878172499533
0.6105716485212884
0.6086700660710568
0.6066802946455616
0.6045985871111051
0.6024218559222303
0.6001465411383271
0.5977689469862794
0.5952860972985071
0.5926945855514879
0.5899916149961142
0.587174243801499
0.5842394112140173
0.5811851604167453
0.5780092704072558
0.5747105378225277
0.5712878380151667
0.5677413223428907
0.5640705600515229
0.5602771260344896
0.5563626247693583
0.5523301997228938
0.5481835727139459
0.5439278172936574
0.5395681626929443
0.5351117462533044
0.530566558408071
0.5259401140863534
0.5212422907747191
0.5164821500100913
0.5116689731776737
0.5068122022263684
0.5019207646326753
0.49700268842473194
0.4920648845247942
0.487112313308387
0.4821502576143475
0.4771806140429883
0.4722041476032164
0.46722002987681455
0.46222591799189805
0.45721764687385236
0.45219028972074893
0.4471381418289767
0.44205471996851464
0.4369333961799883
0.43176783362536036
0.42655278039234235
0.4212839270678595
0.41595778010240564
0.4105731174010918
0.4051307690166035
0.3996330323196191
0.3940848849486538
0.38849358552956026
0.38286887306716
0.3772226547958784
0.37156866289021717
0.36592266820802966
0.36030135105847994
0.3547220607091127
0.3492022761501333
0.3437585811811458
0.33840553813445895
0.3331557155331225
0.32801843982966833
0.3230002842529469
0.3181049459495999
0.3133335859238159
0.3086844815097626
0.30415519931364193
0.29974216848659413
0.29544142795466544
0.2912487965280464
0.28716041208604953
0.28317291937748507
0.27928231929430075
0.2754852071671886
0.2717778850147948
0.2681562563074479
0.2646157405288336
0.2611513916012756
0.25775805341884744
0.2544303784276339
0.2511629937066405
0.24795112011558668
0.24479079531734843
0.24168509968603602
0.23869185690181763
0.23647919354673425
0.24305250121357283
0.24422543229736235
0.23078421100370217
0.22979790813123122
0.22905067870885415
0.22828592696895264
0.22749741300701612
0.22668413540940763
0.2258456299197454
0.22498176634506678
0.22409232129990841
0.22317740600953853
0.22223701604596288
0.22127134963541692
0.22028067982335348
0.219265375193394
0.2182258177242781
0.2171626103373395
0.21607639933841777
0.21496797562010564
0.2138382277231246
0.2126880017665987
0.2115184316762137
0.21033062884865425
0.20912584151594418
0.20790528191969485
0.2066703413784788
0.20542260261199444
0.20416579139892727
0.20292944509981217
0.20206161620612564
0.20649013354222195
0.2115785265416613
0.19955272275793368
0.19910715266780366
0.1987686906067867
0.19842488817143916
0.19806909320476743
0.1977002907531412
0.19731795920798648
0.1969217720593436
0.19651137785263356
0.19608644990782087
0.19564664699898876
0.19519170953760012
0.19472137855146834
0.1942353302181703
0.19373333108457635
0.19321510009281853
0.19268035144532994
0.19212885107017597
0.19156037066933845
0.19097471254781664
0.19037201130979303
0.18975417133390823
0.18913596265025506
0.18863210553393367
0.18924778378312673
0.18881190829696334
0.18848898523871727
0.1886179697221266
0.1865739086675942
0.1863847457736644
0.18619111292842122
0.18598911775051355
0.1857783518809057
0.18555848095596456
0.18532914440779696
0.1850900101906797
0.18484074215357668
0.18458096783229144
0.18431030652271171
0.1840283850376639
0.18373483710361205
0.1834292694903189
0.1831113148684122
0.1827805636416338
0.18243663270927696
0.18207910155249787
0.18170760896904734
0.18132171906052516
0.18092107087873877
0.1805052201128671
0.18007380506070833
0.1796264655877099
0.1791628345336057
0.17868281061568553
0.17818806930832143
0.17769845207422094
0.17743755035700193
0.18024841731047753
0.1823902761698429
0.17622180619569572
0.1760468986900745
0.17589787851960487
0.17574347599889076
0.17558231559852722
0.17541399983722797
0.1752381970375379
0.17505461611322062
0.1748629409639539
0.17466287560862437
0.17445410626995883
0.1742363251161311
0.17400920443588608
0.17377241991535325
0.17352566291821095
0.1732685939084857
0.1730008957073062
0.17272223118091626
0.17243230100345222
0.1721307513087053
0.17181728340393745
0.17149158691361227
0.17115341880010612
0.17080261629298144
0.1704400989625719
0.1700757118915692
0.16980671772603972
0.17069094836058324
0.17074828176850443
0.16897802622025598
0.1688625229100383
0.1687536409688437
0.168639945321148
0.16852109138165433
0.16839685323260448
0.1682670147114888
0.16813134896103646
0.16798962955197144
0.1678416224016986
0.16768709390966854
0.16752579819130106
0.16735748562304492
0.1671819092778029
0.16699879720334526
0.16680791144316923
0.16660898114539097
0.16640174573452038
0.16618592841593002
0.16596128517238826
0.16572752701096766
0.16548440231474332
0.16523165860492925
0.16496901635126232
0.1646962252237912
0.1644130501251242
0.1641192910661864
0.16381533922278435
0.1635074230347775
0.1632708399433597
0.16411120457456513
0.1648918838499304
0.16261190737578635
0.1624967201641031
0.16240454600329876
0.16230930770667557
0.16220980916065791
0.16210580889313614
0.16199710993520283
0.1618835126522292
0.16176483433390665
0.16164087543044042
0.16151141814861153
0.16137626606013908
0.16123520571930355
0.16108800850396024
0.16093445182388688
0.16077431369891554
0.16060737765636657
0.16043339685148159
0.1602521186039188
0.16006332591918043
0.15986676255891658
0.15966221043971798
0.1594495173968416
0.15922912424502758
0.1590060858771085
0.15882608354753064
0.15913987908911645
0.15908020613992319
0.15910855521033668
0.15820083187923734
0.15812806165326107
0.15805793600952694
0.15798462295363297
0.1579079101604098
0.1578276405766513
0.15774366648353072
0.15765582469194267
0.15756395683743846
0.1574678918353709
0.15736746145435304
0.15726248759883207
0.1571527877859547
0.15703817437574633
0.15691844248350717
0.15679340869663308
0.15666286462316886
0.15652660242520947
0.15638438895199963
0.15623601502170986
0.15608126586937007
0.15591991367978233
0.15575171712855299
0.15557643783180286
0.15539384998720399
0.15520383738442148
0.1550071874342501
0.15481307130813585
0.15471956932802344
0.15587572969483704
0.15625104373205953
0.1542262528464948
0.15413923406619084
0.15407821845271935
0.15401491125260672
0.15394867080104407
0.1538793300686066
0.1538067456091304
0.15373077691346965
0.15365127451066737
0.15356808714664072
0.15348105955470953
0.15339002073458594
0.15329480622648428
0.1531952402575109
0.15309114638383892
0.15298234590780535
0.15286863112874685
0.1527498155090307
0.15262569285426436
0.15249605976990774
0.1523606934136852
0.15221937856406648
0.1520718902653738
0.15191800317548274
0.1517575183656843
0.15159042633564632
0.1514187130098373
0.15126386698315403
0.15136455944012928
0.15134513180686543
0.1514691857983761
0.15080808722062056
0.15075083789415358
0.1506967910652335
0.15064034111297847
0.1505812182560259
0.15051929232725375
0.150454434457236
0.1503865178297595
0.15031539872432065
0.15024095058189968
0.15016301450313235
0.150081444433156
0.14999608725297872
0.14990677498596588
0.14981334358744985
0.14971561148945262
0.14961340592499944
0.14950654641489036
0.14939483102279622
0.1492780784162686
0.14915606266396614
0.14902859345218072
0.1488954565326555
0.14875643263410968
0.14861133582924196
0.1484602432057805
0.1483057207291521
0.1481766212947293
0.1484140599641786
0.1484875868255797
0.14784431340638235
0.14779241786759995
0.14774549074767052
0.1476964624184728
0.14764509635424267
0.1475912840070576
0.14753490975340222
0.14747585736288765
0.1474140089782477
0.1473492366058645
0.1472814162530834
0.14721041070502494
0.14713607557577596
0.14705827732208265
0.14697686657251546
0.14689168707602637
0.14680258607981034
0.14670938903637945
0.1466119304746102
0.14651004848705584
0.14640355765752033
0.14629226682057989
0.14617599924016064
0.14605459039810725
0.14592798937786786
0.14579715038727586
0.14567195069717362
0.14565185774219364
0.14684856764578366
0.1471062437055487
0.1452710958109285
0.14521235995468468
0.14517113577446045
0.1451282452515485
0.14508333206797158
0.14503628461753482
0.14498700458894148
0.14493538468001194
0.14488132479172727
0.14482471658669654
0.1447654487038316
0.14470339896361614
0.1446384554685864
0.14457048299323128
0.14449936501975624
0.14442495856650422
0.14434713717271724
0.14426575681767137
0.14418067250023406
0.1440917300817938
0.1439987791140304
0.1439016713890251
0.1438002456923678
0.143694338990775
0.1435838005492414
0.14346854384490274
0.14334908274203945
0.1432316563368572
0.14318397135054006
0.14402327552386865
0.14452025072889466
0.14286248822241632
0.14281903322796854
0.14278176361713146
0.14274293930088877
0.14270229117954436
0.14265972121938988
0.14261514082755014
0.14256845896493714
0.1425195884567335
0.14246843085133531
0.14241488531816954
0.14235885520338462
0.1423002270155848
0.1422389005592371
0.1421747536446234
0.14210768041964475
0.14203755898300408
0.14196426724705785
0.14188768358036635
0.14180767525735116
0.14172411119311587
0.1416368633677728
0.1415457951939864
0.14145077701789593
0.14135176123010576
0.1412491783029922
0.14114819552893937
0.1411020033069615
0.14172115991306106
0.14199655592387547
0.14082769418571767
0.1407942344681194
0.1407624215586354
0.140729164314552
0.14069434118170565
0.14065787502439925
0.14061969028037807
0.14057971227913807
0.1405378629730606
0.14049406301921946
0.14044822528720738
0.14040026670728994
0.14035009555598973
0.14029761947282013
0.14024274510574813
0.14018537191930283
0.14012540383833408
0.14006273365611266
0.13999726171769153
0.13992887340016674
0.1398574630523554
0.1397829175639976
0.1397051159455467
0.13962395106330286
0.1395392999072462
0.1394510480285973
0.139359073193522
0.13926328214956135
0.13916385433170703
0.139064231480895
0.13901373602482153
0.13977675706865997
0.1406756129227825
0.13889179202267163
0.13873672709589582
0.13869745803461647
0.13866455945166667
0.13863103180132424
0.13859607136448218
0.13855951051516707
0.13852125757840802
0.138481237084295
0.13843937238244114
0.13839558557520928
0.13834979921445117
0.13830192980646824
0.1382518934222716
0.1381996029513191
0.13814497807786613
0.13808794334997349
0.13802848016336638
0.137966801130248
0.13790434309810526
0.1378495463814487
0.13785599348024968
