0.6412061966262586
0.6405313792611234
0.6398209821490513
0.639072836222663
0.6382847170479025
0.637454549717963
0.6365798679127783
0.6356582069849516
0.6346868553940904
0.633663011754346
0.6325835288941235
0.6314453722660589
0.630245050022147
0.6289788886268564
0.6276432041194963
0.6262338208057582
0.6247465719486771
0.6231768999242033
0.6215199612961436
0.6197707426150197
0.6179242230702628
0.6159744322109029
0.6139156566992465
0.6117418700697008
0.6094470373646668
0.6070247514384928
0.6044683526030573
0.6017716336080146
0.5989276796106751
0.5959301895891913
0.5927736366163152
0.5894511653603093
0.5859588406689887
0.582291641310585
0.5784464051877457
0.5744215975647289
0.570216758255947
0.565832614916953
0.5612729264629124
0.5565439294470315
0.5516532549908589
0.5466112545624711
0.541431036229702
0.5361280619633465
0.5307190210996859
0.5252226126940455
0.5196589963672867
0.5140499091997731
0.5084165090671535
0.5027803594580721
0.49716281036142806
0.49158594112657567
0.4860684036231554
0.4806309720005353
0.4752918877173573
0.4700688925954107
0.46497838614197634
0.460035267428142
0.4552517665792937
0.4506378620248984
0.4462007350578582
0.4419431712752191
0.4378649278620097
0.43396088884815354
0.43022295225187845
0.4266387692218531
0.4231937617868837
0.41987107028628073
0.41665272947811216
0.4135207943667377
0.41045796921183414
0.4074479560619263
0.4044765205107435
0.40153101586020784
0.3986014035625388
0.3956795871723436
0.3927594868632967
0.3898371502666007
0.38690947129405406
0.38397462585074305
0.38103159865345193
0.378079491956692
0.3751172949508689
0.3721433806719547
0.369155104709361
0.36614876567249244
0.36311894958471613
0.3600586442483495
0.3569596852686563
0.3538124274116369
0.3506064820937947
0.34733083345642224
0.3439748262734575
0.3405293608874914
0.33698698810911554
0.33334287663579737
0.3295948665051746
0.3257442302800618
0.32179658628986235
0.3177614694258992
0.3136525769843107
0.30948730106365535
0.305286131507606
0.3010716211579735
0.29686722352724926
0.29269524228215715
0.28857629029536047
0.28452776919019673
0.2805636836307926
0.27669418569715487
0.2729256309909882
0.26926270585175305
0.26571440769350463
0.26240195036232017
0.2610599700154036
0.29040169228985446
0.33924365682276336
0.25641309293951076
0.2528996322530186
0.2519734842601419
0.2511288107358801
0.2502816918488222
0.24941804277320334
0.24853483544544766
0.24763122806950638
0.246706926881277
0.2457618198097779
0.244795998545957
0.24380954638678004
0.24280272338733302
0.2417757795661048
0.2407291069113202
0.23966324385320137
0.2385786688048266
0.23747613348150437
0.23635699463250887
0.23522527373239016
0.23409887580616787
0.233079427280131
0.2328432605329717
0.23816429689503607
0.23635152118437985
0.23293422014489806
0.23276323123379922
0.23182413822574982
0.23328345035850231
0.22711010359347394
0.22677581535427946
0.22643066612807114
0.22607281719768438
0.22570181291022534
0.2253172800322536
0.22491885523775007
0.22450622907389112
0.22407908552251526
0.22363716713130852
0.2231802022006198
0.2227079444239589
0.22222016240784584
0.22171667100991094
0.2211973260815349
0.2206619285714238
0.22011042754367155
0.21954272623672466
0.21895874857225878
0.21835853937688424
0.21774209450982793
0.21710950248450173
0.21646087938140662
0.2157964138023451
0.21511628184720316
0.21442081799776683
0.21371039225817673
0.21298590647568547
0.2122533158270555
0.2115807646715658
0.2118802671745524
0.21219134523635255
0.21024625336252392
0.20998189207481932
0.20977967549911494
0.2095719867244487
0.20935608910422596
0.20913155895005603
0.20889811353078006
0.20865551269180513
0.20840351609255695
0.20814187735836379
0.20787035269121126
0.20758872141552884
0.2072967713590171
0.2069942915045612
0.20668106002678877
0.20635690903984988
0.20602163902300213
0.2056750937970327
0.20531713847189192
0.20494762792994256
0.20456646736765327
0.20417370989336403
0.20377003144346317
0.20336112029000794
0.20299246654191502
0.20307627368880277
0.20285730845369443
0.2026634083252014
0.20270172351214583
0.2016958954058466
0.2015733586949054
0.20144751922826848
0.20131626773839928
0.20117935910884893
0.20103659272367996
0.20088775836390838
0.20073265039544275
0.20057104155538238
0.20040272790119987
0.20022748473772484
0.20004508812872762
0.19985531731573747
0.19965795324153407
0.19945275957241815
0.1992395137540244
0.19901798970450044
0.19878795675721506
0.1985491846056076
0.19830143546468965
0.19804449426767717
0.19777811130081963
0.19750208700280303
0.19721616834450223
0.1969201615139419
0.19661393781012765
0.19629828189199267
0.1959831405376255
0.1957837108913195
0.19719432712877377
0.19842420587327467
0.1950362819714418
0.1949355677061989
0.19484126584785294
0.1947431567313691
0.19464066743760028
0.1945335868569289
0.19442171186663929
0.19430484381205754
0.19418278254194116
0.1940553249792357
0.19392226200950718
0.19378336719505376
0.1936384236531052
0.19348720197587674
0.19332947136950945
0.19316498894001918
0.19299351851722962
0.19281479120327455
0.19262856549272112
0.19243456294235312
0.19223252678757674
0.1920221803253063
0.19180326906350303
0.19157571907001222
0.19134083202681967
0.19111243102202757
0.19103190503948747
0.192692140828907
0.19288675946489944
0.19041445051349198
0.19030617639951536
0.19023340865121482
0.19015786884449576
0.1900788424046517
0.1899961358127109
0.18990958239937145
0.18981900758969683
0.189724241110541
0.18962510441729613
0.18952140346619414
0.1894129562843812
0.18929954993287695
0.1891809891575615
0.18905705932298336
0.18892754108065649
0.18879220763235255
0.1886508332534534
0.18850317986371357
0.18834900270871746
0.18818804813409162
0.18802005668044827
0.18784476660808197
0.18766191393264958
0.18747122205838138
0.18727241928433327
0.187065211737001
0.18684933417495161
0.18662453181518485
0.18639103319885933
0.1861562410288437
0.18604492102983666
0.18839437635295958
0.19322613628434102
0.18570262707702478
0.18541287740372359
0.1853077493198337
0.18522697599066978
0.18514710076861435
0.18506458921400243
0.18497854460674334
0.1848886183688584
0.18479458471045757
0.18469625462763756
0.18459344091244168
0.18448598101488237
0.1843737646601408
0.18425683341479532
0.18413581679524388
0.18401361153996257
0.1839028946161506
0.18386578174737236
0.1842253730022953
0.1837644227243525
0.18354272156527465
0.18341997845076013
0.1833172151503759
0.183225566759956
0.1831366580307276
0.18305512976605237
0.18298582764692614
0.18296004710495353
0.183041940766689
0.18265500772953236
0.18257503706406808
0.18251333158654298
0.18245047159367603
0.18238485672093563
0.18231618349059675
0.18224429072582557
0.18216902854608533
0.1820902520280891
0.18200780863332042
0.18192154060576107
0.1818312854812061
0.1817368765909185
0.18163814517608667
0.1815349088584033
0.1814269937297632
0.18131422548232515
0.181196483068065
0.18107390151222927
0.18094805975534842
0.18082933956038674
0.18078881575709477
0.18137399455966047
0.18098496126845748
0.18086692924668507
0.1807798074853883
0.18086024886559549
0.1801721244309677
0.18012775761022418
0.18008206957877476
0.18003421184552776
0.17998407269798905
0.17993154351909224
0.17987651736856888
0.17981888106906194
0.17975851755864988
0.17969530472966028
0.1796291181825383
0.1795598267842889
0.1794872954049873
0.1794113807433862
0.1793319404050103
0.17924882371059664
0.1791618739235659
0.17907093346588163
0.17897583360962127
0.1788764054233529
0.17877247423722548
0.17866385271880608
0.1785503584707039
0.1784318029394894
0.17830798828505573
0.17817874461157496
0.17804409646529323
0.17790605761472192
0.17778850950831154
0.177987365755611
0.17812196245690287
0.17749286583160315
0.17744926851576256
0.17740745278115044
0.17736373847063702
0.17731793527754758
0.17726994406308466
0.17721966420117044
0.17716699329772417
0.17711182077527793
0.17705403702784417
0.17699352508952448
0.17693016455457283
0.17686382910812426
0.17679439137725583
0.1767217152616784
0.17664566188645345
0.17656608527361742
0.17648283819393065
0.176395768329444
0.17630471402783043
0.1762095123213983
0.17610999726426674
0.1760059945207368
0.1758973421404937
0.17578394626453225
0.1756663806175445
0.17555158975215307
0.17551488410393923
0.17646178089915915
0.1770203806262254
0.17518206647515236
0.1751428159833585
0.17510592715675388
0.17506739387576403
0.1750270249274748
0.17498472604793452
0.17494040621358412
0.17489397039937862
0.1748453223888951
0.17479436422237268
0.1747409903691366
0.17468509465153703
0.17462656320692888
0.1745652830248341
0.17450113005524104
0.17443398274815183
0.17436371038688936
0.17429018103014618
0.17421325591604928
0.17413279454966712
0.17404864848460594
0.17396066819998382
0.17386869892710807
0.17377258244075233
0.173672191517944
0.17356760318716186
0.17346092713958766
0.17337548824621768
0.1735855588804855
0.17368327635937203
0.1731370468577865
0.17310403692218262
0.17307144522800394
0.1730373252136687
0.17300156569058087
0.17296408987359219
0.17292481678514154
0.1728836652787008
0.1728405496639625
0.1727953814402381
0.1727480670728352
0.17269851199999012
0.1726466157718932
0.1725922743151464
0.1725353819962794
0.1724758253337233
0.1724134911532408
0.1723482589140834
0.17228000513875272
0.17220860245642694
0.17213391841014394
0.1720558185693251
0.17197416173938154
0.17188880792910738
0.17179964019941277
0.17170673836373737
0.17161202455084812
0.17153612985687555
0.17171497371105954
0.1717781336706222
0.1713232998870855
0.17129450980079527
0.17126552699675432
0.17123516523033935
0.17120334107558527
0.1711699836468637
0.171135023251732
0.17109838474650255
0.17105999328283786
0.1710197667335724
0.17097762243592457
0.170933474358035
0.17088723089070124
0.17083880041874605
0.1707880830349893
0.17073497834415985
0.170679381944468
0.1706211829908288
0.17056027004623245
0.17049652565385737
0.17042982837059523
0.17036005129392576
0.17028706529010645
0.17021073479987078
0.17013092271219726
0.17004748529308658
0.16996029063893503
0.169869359250993
0.1697763965675848
0.1697044790733026
0.1699768067689722
0.17022009363503873
0.1695202467467306
0.1694674985356596
0.16943789291349667
0.1694080539905027
0.16937686837963878
0.16934418640376786
0.16930993014067694
0.1692740251296418
0.16923639443828722
0.16919695818999894
0.16915563399232197
0.16911233450415497
0.169066970081433
0.16901944577854655
0.16896966587993917
0.16891752616111372
0.1688629222997024
0.1688057429750262
0.16874587595713425
0.16868320821911426
0.16861764852473432
0.16854925527732675
0.16847910149486528
0.1684159249010509
0.16843331419213167
0.16837011327476023
0.1683297289970683
0.16830128146737006
0.1683032573185422
